% Generated FlatZinc statistics:
%%%mzn-stat: paths=8164
%%%mzn-stat: flatBoolVars=5760
%%%mzn-stat: flatIntVars=148
%%%mzn-stat: flatBoolConstraints=4642
%%%mzn-stat: flatIntConstraints=1241
%%%mzn-stat: evaluatedReifiedConstraints=1124
%%%mzn-stat: method="satisfy"
%%%mzn-stat: flatTime=1.57669
%%%mzn-stat-end

% Pruned 49992 learnt clauses
% Pruned 49999 learnt clauses
% Pruned 49993 learnt clauses
% Pruned 49987 learnt clauses
% Pruned 49975 learnt clauses
% Pruned 49987 learnt clauses
% Pruned 49980 learnt clauses
% Pruned 49972 learnt clauses
% Pruned 49998 learnt clauses
% Pruned 50000 learnt clauses
% Pruned 49968 learnt clauses
% Pruned 49959 learnt clauses
% Pruned 49914 learnt clauses
% Pruned 49896 learnt clauses
pattern=[24, 26, 12, 25, 6, 27, 14, 29, 10, 19, 18, 21, 13, 22, 11, 15, 20, 4, 32, 3, 35, 8, 28, 5, 31, 36, 2, 33, 16, 9, 34, 1, 23, 17, 7, 30]
distance=189
----------
% Pruned 49845 learnt clauses
pattern=[24, 26, 12, 25, 6, 33, 1, 34, 3, 19, 18, 23, 13, 35, 8, 17, 20, 11, 32, 4, 21, 15, 28, 5, 31, 36, 2, 27, 16, 9, 29, 10, 14, 22, 7, 30]
distance=191
----------
% Pruned 49833 learnt clauses
% Pruned 49774 learnt clauses
pattern=[24, 1, 12, 25, 6, 33, 5, 26, 10, 19, 18, 22, 13, 11, 14, 27, 16, 9, 32, 3, 28, 8, 23, 17, 31, 36, 2, 35, 4, 21, 29, 7, 34, 15, 20, 30]
distance=187
----------
% Pruned 49798 learnt clauses
pattern=[24, 1, 12, 25, 6, 27, 7, 29, 16, 19, 18, 11, 13, 22, 14, 10, 33, 4, 32, 5, 21, 15, 26, 17, 31, 36, 2, 35, 8, 23, 28, 9, 34, 3, 20, 30]
distance=187
----------
% Pruned 49830 learnt clauses
pattern=[24, 1, 12, 25, 6, 34, 3, 35, 10, 19, 18, 20, 13, 23, 8, 28, 9, 22, 32, 5, 26, 15, 21, 17, 31, 36, 2, 29, 7, 16, 33, 4, 27, 11, 14, 30]
distance=191
----------
% Pruned 49325 learnt clauses
% Pruned 49442 learnt clauses
% Pruned 49938 learnt clauses
% Pruned 49890 learnt clauses
% Pruned 49897 learnt clauses
% Pruned 49986 learnt clauses
% Pruned 49962 learnt clauses
pattern=[1, 19, 36, 4, 24, 11, 20, 30, 7, 29, 14, 15, 32, 9, 28, 3, 34, 5, 33, 6, 27, 16, 21, 17, 31, 12, 13, 22, 8, 35, 2, 18, 25, 23, 26, 10]
distance=188
----------
pattern=[1, 19, 36, 4, 24, 11, 20, 30, 7, 29, 14, 15, 32, 3, 34, 9, 28, 5, 33, 6, 27, 16, 21, 17, 31, 12, 13, 22, 8, 35, 2, 18, 25, 23, 26, 10]
distance=188
----------
pattern=[1, 19, 29, 4, 33, 10, 26, 24, 7, 30, 8, 21, 35, 3, 34, 14, 23, 6, 20, 17, 15, 11, 32, 5, 31, 12, 13, 28, 9, 36, 2, 18, 25, 16, 27, 22]
distance=192
----------
pattern=[1, 19, 29, 4, 33, 10, 26, 24, 7, 30, 8, 21, 17, 34, 3, 35, 15, 6, 20, 27, 16, 11, 32, 5, 31, 12, 13, 28, 9, 36, 2, 18, 25, 22, 23, 14]
distance=189
----------
pattern=[1, 19, 29, 4, 15, 22, 26, 24, 7, 30, 8, 21, 23, 14, 34, 3, 35, 6, 20, 17, 27, 11, 32, 5, 31, 12, 13, 28, 9, 36, 2, 18, 25, 16, 33, 10]
distance=192
----------
pattern=[1, 19, 29, 16, 21, 22, 15, 24, 7, 30, 8, 33, 11, 34, 14, 10, 27, 6, 20, 4, 35, 3, 32, 5, 31, 12, 13, 28, 9, 36, 2, 18, 25, 23, 26, 17]
distance=192
----------
pattern=[1, 19, 29, 16, 26, 22, 15, 24, 7, 30, 8, 33, 17, 34, 14, 11, 20, 6, 27, 4, 35, 3, 32, 5, 31, 12, 13, 28, 9, 36, 2, 18, 25, 23, 21, 10]
distance=192
----------
pattern=[1, 19, 29, 22, 26, 16, 15, 24, 7, 30, 8, 33, 17, 34, 14, 11, 20, 6, 27, 4, 35, 3, 32, 5, 31, 12, 13, 28, 9, 36, 2, 18, 25, 23, 10, 21]
distance=191
----------
% Pruned 49856 learnt clauses
pattern=[1, 19, 29, 4, 33, 10, 26, 24, 7, 30, 8, 35, 3, 34, 14, 23, 27, 6, 28, 9, 22, 15, 32, 5, 31, 12, 13, 16, 21, 36, 2, 18, 25, 11, 20, 17]
distance=194
----------
pattern=[1, 19, 28, 3, 34, 5, 26, 24, 7, 30, 8, 35, 21, 17, 20, 10, 33, 6, 32, 15, 14, 29, 9, 22, 31, 12, 13, 23, 4, 36, 2, 18, 25, 11, 27, 16]
distance=193
----------
pattern=[1, 19, 29, 9, 34, 5, 26, 24, 7, 30, 3, 14, 23, 8, 27, 10, 33, 6, 32, 16, 11, 20, 21, 17, 31, 12, 13, 35, 4, 36, 2, 18, 25, 22, 15, 28]
distance=189
----------
pattern=[1, 19, 29, 9, 34, 21, 26, 24, 7, 30, 8, 35, 3, 22, 15, 4, 33, 6, 32, 16, 14, 23, 27, 10, 31, 12, 13, 28, 5, 36, 2, 18, 25, 11, 20, 17]
distance=190
----------
pattern=[1, 19, 29, 4, 35, 3, 26, 24, 7, 30, 8, 21, 5, 34, 14, 23, 33, 6, 32, 11, 15, 22, 20, 17, 31, 12, 13, 28, 9, 36, 2, 18, 25, 16, 27, 10]
distance=192
----------
pattern=[1, 19, 29, 9, 22, 23, 26, 24, 7, 30, 3, 35, 4, 27, 17, 8, 33, 6, 32, 15, 34, 5, 21, 10, 31, 12, 13, 28, 14, 36, 2, 18, 25, 11, 20, 16]
distance=193
----------
% Pruned 49616 learnt clauses
pattern=[1, 19, 29, 14, 16, 23, 26, 24, 7, 30, 3, 28, 8, 17, 21, 10, 33, 6, 20, 11, 32, 15, 34, 5, 31, 12, 13, 35, 4, 36, 2, 18, 25, 9, 22, 27]
distance=190
----------
pattern=[1, 19, 29, 9, 20, 22, 15, 24, 7, 30, 3, 28, 5, 34, 21, 16, 33, 6, 32, 11, 14, 10, 26, 17, 31, 12, 13, 35, 4, 36, 2, 18, 25, 23, 8, 27]
distance=190
----------
pattern=[1, 19, 29, 9, 34, 15, 26, 24, 7, 30, 3, 32, 11, 27, 14, 10, 33, 6, 20, 17, 8, 23, 22, 5, 31, 12, 13, 35, 4, 36, 2, 18, 25, 16, 21, 28]
distance=189
----------
pattern=[1, 19, 29, 10, 27, 17, 26, 24, 7, 30, 8, 35, 3, 23, 14, 11, 32, 6, 20, 16, 15, 22, 33, 4, 31, 12, 13, 28, 5, 36, 2, 18, 25, 9, 34, 21]
distance=191
----------
pattern=[1, 19, 29, 4, 35, 3, 26, 24, 7, 30, 8, 21, 5, 34, 14, 23, 32, 6, 33, 22, 17, 20, 27, 10, 31, 12, 13, 28, 9, 36, 2, 18, 25, 11, 15, 16]
distance=189
----------
pattern=[1, 19, 29, 14, 34, 5, 26, 24, 7, 30, 8, 27, 4, 35, 3, 28, 32, 6, 33, 16, 23, 21, 10, 15, 31, 12, 13, 22, 9, 36, 2, 18, 25, 11, 20, 17]
distance=190
----------
pattern=[1, 19, 28, 3, 34, 5, 26, 24, 7, 30, 8, 35, 15, 17, 21, 16, 32, 6, 33, 10, 27, 20, 9, 22, 31, 12, 13, 23, 4, 36, 2, 18, 25, 11, 14, 29]
distance=190
----------
pattern=[1, 19, 29, 4, 27, 16, 26, 24, 7, 30, 8, 5, 34, 3, 35, 15, 32, 6, 33, 17, 21, 14, 23, 10, 31, 12, 13, 28, 9, 36, 2, 18, 25, 11, 20, 22]
distance=192
----------
pattern=[1, 19, 28, 9, 34, 5, 26, 24, 7, 30, 8, 35, 4, 20, 17, 21, 32, 6, 33, 10, 27, 14, 29, 22, 31, 12, 13, 23, 3, 36, 2, 18, 25, 11, 16, 15]
distance=190
----------
pattern=[1, 19, 29, 4, 20, 17, 26, 24, 7, 30, 8, 23, 27, 16, 15, 5, 32, 6, 35, 3, 34, 14, 33, 10, 31, 12, 13, 22, 9, 36, 2, 18, 25, 11, 28, 21]
distance=191
----------
pattern=[1, 19, 29, 4, 17, 21, 26, 24, 7, 30, 8, 15, 35, 3, 34, 5, 32, 6, 20, 11, 27, 16, 33, 10, 31, 12, 13, 28, 9, 36, 2, 18, 25, 22, 23, 14]
distance=189
----------
pattern=[1, 19, 28, 3, 34, 11, 14, 24, 7, 30, 8, 35, 20, 16, 21, 5, 32, 6, 27, 10, 29, 15, 26, 17, 31, 12, 13, 33, 4, 36, 2, 18, 25, 23, 22, 9]
distance=191
----------
% Pruned 49577 learnt clauses
pattern=[1, 19, 29, 9, 16, 15, 26, 24, 7, 30, 8, 35, 4, 21, 34, 5, 32, 6, 22, 27, 23, 14, 33, 10, 31, 12, 13, 28, 3, 36, 2, 18, 25, 11, 20, 17]
distance=190
----------
pattern=[1, 19, 29, 4, 35, 3, 26, 24, 7, 30, 8, 21, 17, 20, 27, 10, 15, 6, 33, 22, 23, 14, 34, 5, 31, 12, 13, 28, 9, 36, 2, 18, 25, 11, 32, 16]
distance=189
----------
pattern=[1, 19, 29, 14, 34, 23, 26, 24, 7, 30, 8, 27, 10, 17, 21, 20, 15, 6, 33, 4, 35, 3, 28, 5, 31, 12, 13, 22, 9, 36, 2, 18, 25, 11, 32, 16]
distance=189
----------
pattern=[1, 19, 29, 14, 11, 16, 33, 24, 7, 30, 8, 28, 3, 35, 4, 27, 20, 6, 32, 5, 34, 15, 26, 10, 31, 12, 13, 22, 9, 36, 2, 18, 25, 23, 21, 17]
distance=190
----------
pattern=[1, 19, 29, 14, 21, 10, 26, 24, 7, 30, 8, 28, 3, 35, 4, 23, 27, 6, 32, 5, 34, 11, 20, 17, 31, 12, 13, 22, 9, 36, 2, 18, 25, 15, 16, 33]
distance=191
----------
pattern=[1, 19, 29, 4, 14, 23, 26, 24, 7, 30, 8, 21, 17, 10, 33, 16, 27, 6, 32, 5, 34, 3, 35, 15, 31, 12, 13, 28, 9, 36, 2, 18, 25, 11, 20, 22]
distance=192
----------
% Pruned 49620 learnt clauses
pattern=[1, 19, 29, 14, 23, 22, 26, 24, 7, 30, 8, 35, 9, 16, 21, 10, 27, 6, 32, 5, 28, 3, 34, 15, 31, 12, 13, 33, 4, 36, 2, 18, 25, 11, 20, 17]
distance=192
----------
pattern=[1, 19, 34, 9, 28, 17, 26, 24, 7, 30, 8, 35, 4, 33, 16, 20, 29, 6, 32, 5, 21, 22, 15, 10, 31, 12, 13, 23, 3, 36, 2, 18, 25, 11, 14, 27]
distance=190
----------
pattern=[1, 19, 29, 4, 33, 10, 26, 24, 7, 30, 8, 35, 3, 34, 14, 23, 27, 6, 32, 5, 22, 15, 28, 9, 31, 12, 13, 16, 21, 36, 2, 18, 25, 11, 20, 17]
distance=194
----------
pattern=[1, 19, 29, 9, 22, 26, 15, 24, 7, 30, 3, 28, 21, 16, 14, 11, 20, 6, 32, 5, 34, 17, 33, 10, 31, 12, 13, 35, 4, 36, 2, 18, 25, 23, 8, 27]
distance=190
----------
pattern=[1, 19, 29, 14, 23, 21, 26, 24, 7, 30, 3, 22, 8, 28, 15, 11, 27, 6, 32, 5, 34, 9, 20, 17, 31, 12, 13, 35, 4, 36, 2, 18, 25, 16, 33, 10]
distance=192
----------
pattern=[1, 19, 29, 14, 23, 21, 10, 24, 7, 30, 3, 32, 9, 34, 15, 28, 8, 6, 33, 16, 20, 17, 26, 5, 31, 12, 13, 35, 4, 36, 2, 18, 25, 11, 27, 22]
distance=192
----------
pattern=[1, 19, 34, 3, 35, 8, 27, 24, 7, 30, 5, 26, 17, 10, 33, 4, 32, 6, 22, 21, 16, 20, 9, 29, 31, 12, 13, 23, 14, 36, 2, 18, 25, 11, 28, 15]
distance=188
----------
% Pruned 49684 learnt clauses
pattern=[1, 19, 29, 22, 20, 17, 26, 24, 7, 30, 8, 23, 14, 34, 3, 35, 10, 6, 27, 16, 21, 5, 33, 4, 31, 12, 13, 32, 9, 36, 2, 18, 25, 11, 28, 15]
distance=188
----------
pattern=[1, 19, 29, 9, 32, 5, 26, 24, 7, 30, 8, 35, 4, 33, 14, 23, 22, 6, 34, 21, 10, 27, 20, 17, 31, 12, 13, 28, 3, 36, 2, 18, 25, 16, 11, 15]
distance=188
----------
pattern=[1, 19, 29, 9, 32, 16, 26, 24, 7, 30, 8, 35, 4, 15, 34, 5, 33, 6, 27, 10, 23, 14, 21, 17, 31, 12, 13, 28, 3, 36, 2, 18, 25, 22, 20, 11]
distance=191
----------
pattern=[1, 19, 33, 4, 32, 5, 26, 24, 7, 30, 15, 28, 8, 35, 3, 34, 9, 6, 29, 10, 27, 11, 22, 17, 31, 12, 13, 23, 14, 36, 2, 18, 25, 16, 20, 21]
distance=189
----------
pattern=[1, 19, 29, 20, 11, 32, 9, 24, 7, 30, 3, 28, 15, 14, 34, 5, 33, 6, 22, 8, 27, 10, 21, 17, 31, 12, 13, 35, 4, 36, 2, 18, 25, 23, 26, 16]
distance=191
----------
pattern=[1, 19, 29, 20, 11, 32, 5, 24, 7, 30, 8, 35, 4, 33, 10, 26, 9, 6, 34, 14, 27, 16, 21, 17, 31, 12, 13, 28, 3, 36, 2, 18, 25, 23, 22, 15]
distance=188
----------
pattern=[1, 19, 29, 9, 20, 17, 26, 24, 7, 30, 8, 35, 4, 27, 10, 23, 14, 6, 33, 5, 34, 15, 22, 21, 31, 12, 13, 28, 3, 36, 2, 18, 25, 11, 32, 16]
distance=193
----------
pattern=[1, 19, 28, 15, 22, 21, 26, 24, 7, 30, 8, 35, 4, 27, 10, 29, 14, 6, 33, 5, 34, 9, 20, 17, 31, 12, 13, 23, 3, 36, 2, 18, 25, 16, 32, 11]
distance=191
----------
% Pruned 49657 learnt clauses
pattern=[1, 19, 29, 14, 21, 10, 15, 24, 7, 30, 3, 16, 32, 9, 34, 5, 33, 6, 27, 8, 28, 11, 20, 17, 31, 12, 13, 35, 4, 36, 2, 18, 25, 23, 22, 26]
distance=187
----------
pattern=[1, 19, 29, 14, 23, 10, 26, 24, 7, 30, 3, 22, 32, 9, 34, 5, 33, 6, 27, 16, 15, 11, 20, 17, 31, 12, 13, 35, 4, 36, 2, 18, 25, 8, 28, 21]
distance=189
----------
pattern=[1, 19, 29, 10, 21, 16, 15, 24, 7, 30, 3, 32, 11, 34, 9, 26, 22, 6, 33, 5, 14, 27, 20, 17, 31, 12, 13, 35, 4, 36, 2, 18, 25, 23, 8, 28]
distance=187
----------
pattern=[1, 19, 29, 10, 27, 16, 26, 24, 7, 30, 3, 28, 8, 23, 14, 5, 34, 6, 33, 20, 17, 21, 22, 15, 31, 12, 13, 35, 4, 36, 2, 18, 25, 11, 32, 9]
distance=189
----------
pattern=[1, 19, 29, 9, 20, 17, 26, 24, 7, 30, 3, 22, 21, 14, 23, 8, 33, 6, 34, 5, 28, 15, 10, 27, 31, 12, 13, 35, 4, 36, 2, 18, 25, 11, 32, 16]
distance=187
----------
pattern=[1, 19, 28, 8, 23, 21, 14, 24, 7, 30, 3, 26, 22, 9, 34, 5, 33, 6, 27, 16, 32, 15, 10, 29, 31, 12, 13, 35, 4, 36, 2, 18, 25, 11, 20, 17]
distance=188
----------
pattern=[1, 19, 29, 14, 27, 10, 26, 24, 7, 30, 3, 23, 28, 9, 34, 5, 33, 6, 20, 11, 32, 21, 17, 8, 31, 12, 13, 35, 4, 36, 2, 18, 25, 22, 15, 16]
distance=187
----------
pattern=[1, 19, 29, 10, 21, 17, 26, 24, 7, 30, 3, 28, 27, 11, 32, 15, 20, 6, 33, 5, 34, 14, 23, 8, 31, 12, 13, 35, 4, 36, 2, 18, 25, 22, 9, 16]
distance=187
----------
pattern=[1, 19, 29, 14, 34, 9, 26, 24, 7, 30, 3, 32, 11, 27, 8, 17, 20, 6, 33, 5, 28, 15, 22, 23, 31, 12, 13, 35, 4, 36, 2, 18, 25, 16, 21, 10]
distance=190
----------
pattern=[1, 19, 29, 9, 34, 17, 26, 24, 7, 30, 3, 32, 16, 15, 28, 5, 33, 6, 20, 27, 8, 23, 14, 10, 31, 12, 13, 35, 4, 36, 2, 18, 25, 22, 11, 21]
distance=189
----------
pattern=[1, 19, 29, 9, 34, 15, 26, 24, 7, 30, 3, 32, 11, 14, 28, 5, 33, 6, 22, 27, 10, 23, 8, 17, 31, 12, 13, 35, 4, 36, 2, 18, 25, 16, 20, 21]
distance=189
----------
pattern=[1, 19, 28, 9, 34, 5, 26, 24, 7, 30, 8, 35, 4, 32, 15, 10, 33, 6, 22, 21, 14, 29, 16, 27, 31, 12, 13, 23, 3, 36, 2, 18, 25, 11, 20, 17]
distance=188
----------
pattern=[1, 19, 29, 4, 35, 3, 26, 24, 7, 30, 8, 15, 32, 22, 21, 17, 20, 6, 33, 5, 34, 14, 23, 10, 31, 12, 13, 28, 9, 36, 2, 18, 25, 16, 27, 11]
distance=189
----------
pattern=[1, 19, 29, 4, 35, 3, 26, 24, 7, 30, 8, 17, 20, 16, 32, 23, 21, 6, 33, 5, 34, 14, 27, 10, 31, 12, 13, 28, 9, 36, 2, 18, 25, 11, 22, 15]
distance=192
----------
pattern=[1, 19, 29, 4, 35, 3, 26, 24, 7, 30, 8, 10, 23, 14, 34, 5, 33, 6, 22, 15, 32, 11, 20, 17, 31, 12, 13, 28, 9, 36, 2, 18, 25, 21, 16, 27]
distance=188
----------
pattern=[1, 19, 29, 4, 35, 3, 26, 24, 7, 30, 8, 21, 23, 14, 34, 5, 33, 6, 15, 32, 16, 20, 17, 10, 31, 12, 13, 28, 9, 36, 2, 18, 25, 11, 22, 27]
distance=188
----------
% Pruned 49590 learnt clauses
pattern=[1, 19, 29, 10, 33, 22, 15, 24, 7, 30, 3, 32, 5, 21, 26, 9, 34, 6, 27, 14, 11, 20, 16, 17, 31, 12, 13, 35, 4, 36, 2, 18, 25, 23, 8, 28]
distance=187
----------
pattern=[1, 19, 29, 16, 21, 28, 9, 24, 7, 30, 3, 32, 5, 22, 20, 11, 27, 6, 34, 14, 10, 33, 8, 17, 31, 12, 13, 35, 4, 36, 2, 18, 25, 23, 26, 15]
distance=188
----------
pattern=[1, 19, 29, 20, 17, 21, 26, 24, 7, 30, 3, 32, 5, 33, 8, 23, 22, 6, 15, 28, 9, 16, 27, 10, 31, 12, 13, 35, 4, 36, 2, 18, 25, 11, 34, 14]
distance=187
----------
pattern=[1, 19, 29, 14, 23, 10, 26, 24, 7, 30, 3, 32, 5, 33, 8, 28, 9, 6, 27, 16, 20, 11, 34, 17, 31, 12, 13, 35, 4, 36, 2, 18, 25, 15, 22, 21]
distance=189
----------
pattern=[1, 19, 29, 14, 34, 11, 15, 24, 7, 30, 3, 32, 5, 33, 8, 21, 22, 6, 20, 17, 26, 16, 27, 10, 31, 12, 13, 35, 4, 36, 2, 18, 25, 23, 9, 28]
distance=191
----------
pattern=[1, 19, 29, 9, 22, 11, 15, 24, 7, 30, 8, 35, 4, 32, 5, 34, 27, 6, 20, 17, 26, 10, 33, 14, 31, 12, 13, 28, 3, 36, 2, 18, 25, 23, 21, 16]
distance=189
----------
pattern=[1, 19, 28, 9, 22, 15, 26, 24, 7, 30, 8, 35, 4, 29, 14, 11, 20, 6, 34, 5, 32, 16, 33, 10, 31, 12, 13, 23, 3, 36, 2, 18, 25, 27, 17, 21]
distance=191
----------
pattern=[1, 19, 29, 9, 22, 15, 26, 24, 7, 30, 8, 35, 4, 23, 14, 11, 20, 6, 34, 5, 32, 16, 33, 10, 31, 12, 13, 28, 3, 36, 2, 18, 25, 27, 17, 21]
distance=191
----------
pattern=[1, 19, 34, 3, 35, 15, 14, 24, 7, 30, 8, 27, 11, 28, 21, 16, 20, 6, 29, 4, 33, 5, 32, 10, 31, 12, 13, 22, 9, 36, 2, 18, 25, 23, 26, 17]
distance=190
----------
pattern=[1, 19, 29, 9, 16, 20, 15, 24, 7, 30, 8, 35, 4, 33, 14, 11, 34, 6, 22, 21, 32, 5, 26, 17, 31, 12, 13, 28, 3, 36, 2, 18, 25, 23, 10, 27]
distance=188
----------
pattern=[1, 19, 29, 14, 23, 21, 26, 24, 7, 30, 3, 28, 8, 27, 16, 33, 10, 6, 34, 5, 32, 11, 20, 17, 31, 12, 13, 35, 4, 36, 2, 18, 25, 9, 22, 15]
distance=188
----------
pattern=[1, 19, 29, 4, 15, 22, 26, 24, 7, 30, 8, 21, 23, 14, 34, 3, 35, 6, 27, 10, 33, 5, 32, 16, 31, 12, 13, 28, 9, 36, 2, 18, 25, 11, 20, 17]
distance=192
----------
pattern=[1, 19, 29, 4, 32, 5, 26, 24, 7, 30, 8, 21, 23, 14, 34, 3, 35, 6, 15, 20, 16, 33, 10, 17, 31, 12, 13, 28, 9, 36, 2, 18, 25, 22, 11, 27]
distance=188
----------
pattern=[1, 19, 29, 4, 32, 5, 26, 24, 7, 30, 8, 21, 23, 14, 34, 3, 35, 6, 22, 33, 10, 27, 20, 17, 31, 12, 13, 28, 9, 36, 2, 18, 25, 16, 11, 15]
distance=188
----------
pattern=[1, 19, 29, 4, 32, 5, 26, 24, 7, 30, 8, 21, 23, 14, 34, 3, 35, 6, 10, 33, 16, 27, 22, 15, 31, 12, 13, 28, 9, 36, 2, 18, 25, 11, 20, 17]
distance=188
----------
pattern=[1, 19, 29, 4, 32, 5, 26, 24, 7, 30, 8, 21, 23, 14, 34, 3, 35, 6, 22, 15, 10, 33, 16, 27, 31, 12, 13, 28, 9, 36, 2, 18, 25, 11, 20, 17]
distance=188
----------
pattern=[1, 19, 29, 16, 20, 17, 26, 24, 7, 30, 8, 33, 23, 14, 34, 3, 35, 6, 27, 4, 32, 5, 22, 15, 31, 12, 13, 28, 9, 36, 2, 18, 25, 11, 10, 21]
distance=189
----------
pattern=[1, 19, 32, 16, 20, 17, 26, 24, 7, 30, 15, 8, 35, 3, 34, 5, 33, 6, 28, 9, 29, 4, 27, 10, 31, 12, 13, 23, 14, 36, 2, 18, 25, 11, 21, 22]
distance=192
----------
pattern=[1, 19, 32, 16, 21, 22, 26, 24, 7, 30, 15, 8, 35, 3, 34, 5, 33, 6, 28, 9, 29, 4, 27, 10, 31, 12, 13, 23, 14, 36, 2, 18, 25, 11, 20, 17]
distance=190
----------
% Pruned 49638 learnt clauses
pattern=[1, 19, 34, 9, 29, 10, 26, 24, 7, 30, 3, 35, 4, 33, 5, 32, 27, 6, 20, 11, 28, 17, 21, 8, 31, 12, 13, 23, 14, 36, 2, 18, 25, 22, 15, 16]
distance=187
----------
pattern=[1, 19, 29, 10, 27, 16, 26, 24, 7, 30, 8, 35, 3, 23, 14, 15, 22, 6, 33, 4, 32, 11, 20, 17, 31, 12, 13, 28, 5, 36, 2, 18, 25, 21, 34, 9]
distance=189
----------
pattern=[1, 19, 29, 10, 27, 16, 26, 24, 7, 30, 8, 35, 3, 23, 14, 17, 20, 6, 33, 4, 32, 11, 15, 22, 31, 12, 13, 28, 5, 36, 2, 18, 25, 9, 34, 21]
distance=191
----------
pattern=[1, 19, 29, 27, 10, 26, 15, 24, 7, 30, 8, 35, 3, 22, 9, 34, 14, 6, 33, 4, 32, 11, 20, 17, 31, 12, 13, 28, 5, 36, 2, 18, 25, 23, 16, 21]
distance=191
----------
pattern=[1, 19, 28, 21, 10, 29, 14, 24, 7, 30, 8, 35, 3, 34, 9, 22, 20, 6, 27, 4, 33, 5, 32, 15, 31, 12, 13, 11, 16, 36, 2, 18, 25, 17, 26, 23]
distance=191
----------
pattern=[1, 19, 28, 9, 22, 15, 26, 24, 7, 30, 8, 35, 3, 34, 14, 10, 27, 6, 29, 4, 33, 5, 32, 16, 31, 12, 13, 23, 21, 36, 2, 18, 25, 11, 20, 17]
distance=192
----------
pattern=[1, 19, 29, 16, 5, 21, 26, 24, 7, 30, 8, 33, 10, 27, 23, 14, 34, 6, 20, 11, 32, 3, 35, 4, 31, 12, 13, 28, 9, 36, 2, 18, 25, 22, 15, 17]
distance=188
----------
pattern=[1, 19, 29, 16, 14, 23, 26, 24, 7, 30, 8, 33, 4, 32, 5, 22, 27, 6, 20, 11, 34, 3, 35, 15, 31, 12, 13, 28, 9, 36, 2, 18, 25, 17, 10, 21]
distance=191
----------
pattern=[1, 19, 29, 16, 14, 23, 26, 24, 7, 30, 8, 33, 4, 32, 5, 22, 27, 6, 20, 11, 34, 3, 35, 15, 31, 12, 13, 28, 9, 36, 2, 18, 25, 21, 10, 17]
distance=188
----------
pattern=[1, 19, 29, 14, 23, 22, 26, 24, 7, 30, 8, 28, 21, 4, 17, 20, 15, 6, 33, 5, 34, 3, 35, 10, 31, 12, 13, 32, 9, 36, 2, 18, 25, 11, 27, 16]
distance=187
----------
% Pruned 49629 learnt clauses
pattern=[1, 19, 29, 14, 33, 4, 26, 24, 7, 30, 8, 28, 5, 32, 15, 11, 27, 6, 34, 3, 35, 10, 20, 17, 31, 12, 13, 22, 9, 36, 2, 18, 25, 16, 23, 21]
distance=193
----------
pattern=[1, 19, 32, 16, 20, 17, 26, 24, 7, 30, 15, 29, 9, 28, 5, 10, 27, 6, 34, 3, 35, 8, 33, 4, 31, 12, 13, 23, 14, 36, 2, 18, 25, 11, 22, 21]
distance=189
----------
pattern=[1, 19, 32, 16, 20, 17, 26, 24, 7, 30, 15, 29, 9, 28, 5, 22, 27, 6, 34, 3, 35, 8, 33, 4, 31, 12, 13, 23, 14, 36, 2, 18, 25, 11, 10, 21]
distance=189
----------
pattern=[1, 19, 32, 16, 20, 17, 26, 24, 7, 30, 15, 22, 5, 28, 9, 29, 27, 6, 34, 3, 35, 8, 33, 4, 31, 12, 13, 23, 14, 36, 2, 18, 25, 11, 21, 10]
distance=190
----------
% Pruned 49658 learnt clauses
pattern=[1, 19, 29, 14, 33, 22, 15, 24, 7, 30, 3, 32, 11, 27, 10, 9, 34, 6, 20, 16, 21, 8, 28, 5, 31, 12, 13, 35, 4, 36, 2, 18, 25, 23, 26, 17]
distance=188
----------
pattern=[1, 19, 28, 27, 10, 33, 14, 24, 7, 30, 3, 32, 11, 15, 26, 17, 20, 6, 34, 9, 29, 16, 21, 5, 31, 12, 13, 35, 4, 36, 2, 18, 25, 23, 8, 22]
distance=190
----------
pattern=[1, 19, 28, 27, 10, 33, 14, 24, 7, 30, 3, 32, 11, 22, 26, 17, 20, 6, 34, 9, 29, 16, 21, 5, 31, 12, 13, 35, 4, 36, 2, 18, 25, 23, 8, 15]
distance=188
----------
pattern=[1, 19, 29, 14, 27, 22, 15, 24, 7, 30, 3, 32, 11, 8, 28, 9, 34, 6, 20, 16, 33, 10, 21, 5, 31, 12, 13, 35, 4, 36, 2, 18, 25, 23, 26, 17]
distance=190
----------
pattern=[1, 19, 29, 14, 23, 16, 21, 24, 7, 30, 3, 32, 9, 34, 15, 28, 8, 6, 27, 10, 26, 22, 33, 5, 31, 12, 13, 35, 4, 36, 2, 18, 25, 11, 20, 17]
distance=190
----------
pattern=[1, 19, 29, 22, 27, 16, 15, 24, 7, 30, 3, 32, 11, 28, 9, 34, 14, 6, 20, 17, 26, 10, 33, 5, 31, 12, 13, 35, 4, 36, 2, 18, 25, 23, 8, 21]
distance=191
----------
% Pruned 49646 learnt clauses
pattern=[1, 19, 29, 14, 23, 22, 26, 24, 7, 30, 8, 28, 15, 10, 21, 5, 32, 6, 27, 4, 33, 16, 35, 3, 31, 12, 13, 34, 9, 36, 2, 18, 25, 11, 20, 17]
distance=194
----------
pattern=[1, 19, 34, 3, 35, 8, 27, 24, 7, 30, 10, 21, 22, 17, 26, 5, 33, 6, 32, 9, 16, 20, 4, 29, 31, 12, 13, 23, 14, 36, 2, 18, 25, 11, 28, 15]
distance=190
----------
pattern=[1, 19, 29, 14, 23, 21, 26, 24, 7, 30, 8, 35, 15, 11, 27, 10, 33, 6, 20, 17, 28, 3, 34, 5, 31, 12, 13, 32, 4, 36, 2, 18, 25, 16, 9, 22]
distance=190
----------
% Pruned 49643 learnt clauses
pattern=[1, 19, 29, 14, 16, 32, 4, 24, 7, 30, 8, 27, 17, 21, 28, 11, 20, 6, 33, 10, 35, 3, 34, 5, 31, 12, 13, 22, 9, 36, 2, 18, 25, 23, 26, 15]
distance=192
----------
pattern=[1, 19, 29, 20, 16, 14, 27, 24, 7, 30, 3, 22, 15, 10, 21, 5, 33, 6, 32, 11, 34, 9, 26, 17, 31, 12, 13, 35, 4, 36, 2, 18, 25, 23, 8, 28]
distance=191
----------
pattern=[1, 19, 29, 22, 9, 34, 15, 24, 7, 30, 3, 26, 21, 17, 33, 5, 32, 6, 20, 11, 14, 16, 27, 10, 31, 12, 13, 35, 4, 36, 2, 18, 25, 23, 8, 28]
distance=191
----------
pattern=[1, 19, 28, 9, 29, 4, 33, 24, 7, 30, 20, 16, 27, 10, 26, 5, 32, 6, 34, 11, 14, 15, 22, 17, 31, 12, 13, 35, 3, 36, 2, 18, 25, 23, 8, 21]
distance=191
----------
pattern=[1, 19, 29, 9, 28, 17, 26, 24, 7, 30, 15, 22, 20, 16, 21, 5, 32, 6, 34, 8, 33, 4, 27, 10, 31, 12, 13, 35, 3, 36, 2, 18, 25, 11, 14, 23]
distance=195
----------
pattern=[1, 19, 29, 10, 14, 23, 26, 24, 7, 30, 15, 22, 21, 8, 28, 5, 32, 6, 34, 9, 20, 11, 27, 17, 31, 12, 13, 35, 3, 36, 2, 18, 25, 4, 33, 16]
distance=193
----------
pattern=[1, 19, 29, 16, 21, 17, 26, 24, 7, 30, 15, 14, 23, 4, 33, 5, 32, 6, 20, 9, 34, 11, 27, 10, 31, 12, 13, 35, 3, 36, 2, 18, 25, 22, 8, 28]
distance=193
----------
pattern=[1, 19, 29, 14, 23, 21, 26, 24, 7, 30, 3, 28, 8, 15, 34, 5, 33, 6, 32, 9, 22, 11, 27, 10, 31, 12, 13, 35, 4, 36, 2, 18, 25, 16, 20, 17]
distance=190
----------
% Pruned 49516 learnt clauses
pattern=[1, 19, 29, 14, 11, 20, 15, 24, 7, 30, 3, 28, 8, 27, 26, 5, 34, 6, 32, 16, 33, 10, 21, 17, 31, 12, 13, 35, 4, 36, 2, 18, 25, 23, 9, 22]
distance=190
----------
% Pruned 48315 learnt clauses
pattern=[1, 19, 28, 9, 34, 3, 26, 24, 7, 30, 8, 35, 15, 4, 33, 5, 32, 6, 20, 17, 21, 11, 27, 10, 31, 12, 13, 23, 22, 36, 2, 18, 25, 16, 29, 14]
distance=193
----------
pattern=[1, 19, 29, 9, 20, 17, 26, 24, 7, 30, 8, 35, 16, 21, 34, 5, 33, 6, 32, 15, 22, 23, 14, 10, 31, 12, 13, 28, 3, 36, 2, 18, 25, 11, 27, 4]
distance=191
----------
% Pruned 46084 learnt clauses
pattern=[1, 19, 29, 14, 34, 15, 26, 24, 7, 30, 8, 4, 35, 3, 28, 5, 33, 6, 32, 11, 27, 10, 20, 17, 31, 12, 13, 22, 9, 36, 2, 18, 25, 16, 23, 21]
distance=193
----------
pattern=[1, 19, 29, 4, 35, 3, 26, 24, 7, 30, 8, 17, 20, 15, 22, 5, 33, 6, 32, 23, 21, 34, 14, 10, 31, 12, 13, 28, 9, 36, 2, 18, 25, 11, 27, 16]
distance=191
----------
pattern=[1, 19, 29, 4, 35, 3, 26, 24, 7, 30, 8, 23, 34, 14, 33, 5, 32, 6, 20, 17, 15, 11, 27, 10, 31, 12, 13, 22, 9, 36, 2, 18, 25, 16, 21, 28]
distance=191
----------
% Pruned 46889 learnt clauses
pattern=[1, 19, 29, 20, 4, 27, 10, 24, 7, 30, 15, 34, 9, 22, 26, 5, 33, 6, 32, 3, 35, 8, 28, 17, 31, 12, 13, 11, 14, 36, 2, 18, 25, 16, 21, 23]
distance=193
----------
% Pruned 44453 learnt clauses
pattern=[1, 19, 29, 4, 35, 3, 26, 24, 7, 30, 8, 21, 23, 14, 34, 5, 33, 6, 32, 16, 20, 17, 27, 10, 31, 12, 13, 28, 9, 36, 2, 18, 25, 11, 22, 15]
distance=194
----------
pattern=[1, 19, 29, 9, 14, 23, 26, 24, 7, 30, 8, 35, 22, 21, 10, 17, 33, 6, 27, 4, 32, 15, 34, 5, 31, 12, 13, 28, 3, 36, 2, 18, 25, 11, 20, 16]
distance=191
----------
% Pruned 44881 learnt clauses
pattern=[1, 19, 29, 4, 35, 3, 26, 24, 7, 30, 8, 22, 21, 17, 20, 15, 32, 6, 33, 5, 34, 14, 23, 10, 31, 12, 13, 28, 9, 36, 2, 18, 25, 16, 27, 11]
distance=191
----------
% Pruned 49648 learnt clauses
pattern=[1, 19, 29, 15, 20, 17, 26, 24, 7, 30, 8, 35, 16, 27, 23, 14, 34, 6, 32, 5, 21, 4, 33, 10, 31, 12, 13, 28, 3, 36, 2, 18, 25, 11, 9, 22]
distance=194
----------
pattern=[1, 19, 29, 9, 22, 15, 34, 24, 7, 30, 8, 35, 4, 21, 20, 16, 27, 6, 32, 5, 33, 10, 26, 17, 31, 12, 13, 28, 3, 36, 2, 18, 25, 23, 14, 11]
distance=193
----------
pattern=[1, 19, 29, 14, 16, 11, 27, 24, 7, 30, 8, 28, 21, 17, 26, 3, 20, 6, 32, 5, 33, 4, 35, 10, 31, 12, 13, 22, 9, 36, 2, 18, 25, 23, 34, 15]
distance=190
----------
% Pruned 49457 learnt clauses
pattern=[1, 19, 29, 4, 33, 17, 26, 24, 7, 30, 8, 21, 22, 15, 35, 3, 34, 6, 32, 5, 20, 16, 27, 10, 31, 12, 13, 28, 9, 36, 2, 18, 25, 11, 14, 23]
distance=195
----------
% Pruned 44263 learnt clauses
pattern=[1, 19, 29, 4, 35, 3, 26, 24, 7, 30, 8, 34, 14, 23, 27, 11, 20, 6, 32, 5, 33, 16, 21, 10, 31, 12, 13, 28, 9, 36, 2, 18, 25, 22, 15, 17]
distance=194
----------
pattern=[1, 19, 29, 4, 35, 3, 26, 24, 7, 30, 8, 23, 27, 16, 14, 34, 15, 6, 32, 5, 33, 17, 20, 10, 31, 12, 13, 22, 9, 36, 2, 18, 25, 11, 28, 21]
distance=193
----------
pattern=[1, 19, 29, 4, 35, 3, 26, 24, 7, 30, 8, 27, 16, 21, 22, 15, 32, 6, 33, 5, 34, 14, 23, 10, 31, 12, 28, 13, 9, 36, 2, 18, 25, 11, 20, 17]
distance=190
----------
pattern=[1, 19, 29, 4, 35, 3, 26, 24, 7, 30, 8, 17, 20, 16, 21, 23, 32, 6, 33, 5, 34, 14, 27, 10, 31, 12, 13, 28, 9, 36, 2, 18, 25, 11, 22, 15]
distance=192
----------
pattern=[1, 19, 29, 4, 35, 3, 26, 24, 7, 30, 8, 22, 21, 17, 20, 15, 32, 6, 33, 5, 34, 14, 23, 10, 31, 12, 13, 28, 9, 36, 2, 18, 25, 11, 27, 16]
distance=193
----------
pattern=[1, 19, 28, 9, 34, 3, 26, 24, 7, 30, 8, 35, 15, 11, 21, 10, 27, 6, 32, 5, 33, 4, 20, 17, 31, 12, 13, 23, 22, 36, 2, 18, 25, 16, 29, 14]
distance=193
----------
pattern=[1, 19, 28, 9, 34, 3, 26, 24, 7, 30, 8, 35, 15, 11, 27, 17, 20, 6, 32, 5, 33, 4, 21, 10, 31, 12, 13, 23, 22, 36, 2, 18, 25, 16, 29, 14]
distance=193
----------
pattern=[1, 19, 29, 9, 34, 3, 26, 24, 7, 30, 8, 35, 16, 14, 23, 27, 22, 6, 32, 5, 33, 4, 21, 10, 31, 12, 13, 28, 15, 36, 2, 18, 25, 11, 20, 17]
distance=194
----------
% Pruned 46244 learnt clauses
pattern=[1, 19, 29, 16, 27, 10, 26, 24, 7, 30, 8, 35, 20, 21, 17, 22, 15, 6, 32, 5, 28, 9, 34, 3, 31, 12, 13, 33, 4, 36, 2, 18, 25, 11, 14, 23]
distance=189
----------
pattern=[1, 19, 28, 15, 22, 21, 26, 24, 7, 30, 8, 35, 10, 14, 29, 9, 32, 6, 33, 5, 34, 3, 20, 17, 31, 12, 13, 23, 4, 36, 2, 18, 25, 16, 27, 11]
distance=189
----------
pattern=[1, 19, 29, 16, 21, 17, 26, 24, 7, 30, 8, 35, 3, 34, 14, 23, 20, 6, 32, 5, 33, 4, 27, 10, 31, 12, 15, 22, 11, 36, 2, 18, 25, 9, 28, 13]
distance=192
----------
% Pruned 46704 learnt clauses
pattern=[1, 19, 29, 14, 34, 15, 26, 24, 7, 30, 8, 4, 35, 3, 28, 11, 27, 6, 32, 5, 33, 10, 20, 17, 31, 12, 13, 22, 9, 36, 2, 18, 25, 16, 23, 21]
distance=193
----------
pattern=[1, 19, 28, 3, 35, 4, 27, 24, 7, 30, 8, 21, 16, 20, 23, 13, 32, 6, 33, 5, 34, 17, 26, 10, 31, 12, 14, 29, 9, 36, 2, 18, 25, 11, 22, 15]
distance=192
----------
pattern=[1, 19, 29, 14, 23, 10, 26, 24, 7, 30, 8, 27, 16, 21, 22, 15, 32, 6, 34, 5, 28, 3, 35, 4, 31, 12, 33, 13, 9, 36, 2, 18, 25, 11, 20, 17]
distance=190
----------
pattern=[1, 19, 29, 14, 34, 23, 26, 24, 7, 30, 8, 27, 4, 21, 28, 3, 35, 6, 32, 5, 33, 17, 15, 10, 31, 12, 13, 22, 9, 36, 2, 18, 25, 11, 20, 16]
distance=191
----------
pattern=[1, 19, 29, 4, 20, 17, 26, 24, 7, 30, 8, 21, 23, 14, 34, 3, 35, 6, 32, 5, 33, 10, 27, 16, 31, 12, 13, 28, 9, 36, 2, 18, 25, 11, 15, 22]
distance=194
----------
pattern=[1, 19, 29, 4, 20, 17, 26, 24, 7, 30, 8, 23, 33, 10, 14, 16, 27, 6, 32, 5, 34, 15, 35, 3, 31, 12, 13, 22, 9, 36, 2, 18, 25, 11, 28, 21]
distance=193
----------
pattern=[1, 19, 29, 14, 33, 4, 27, 24, 7, 30, 8, 28, 21, 16, 15, 11, 20, 6, 32, 5, 26, 10, 35, 3, 31, 12, 13, 22, 9, 36, 2, 18, 25, 23, 34, 17]
distance=190
----------
pattern=[1, 19, 29, 14, 23, 22, 26, 24, 7, 30, 8, 28, 15, 4, 33, 10, 27, 6, 32, 5, 21, 16, 35, 3, 31, 12, 13, 34, 9, 36, 2, 18, 25, 11, 20, 17]
distance=194
----------
pattern=[1, 19, 29, 10, 21, 17, 26, 24, 7, 30, 8, 23, 14, 11, 27, 22, 20, 6, 32, 5, 28, 15, 35, 3, 31, 12, 13, 34, 9, 36, 2, 18, 25, 4, 33, 16]
distance=195
----------
% Pruned 45846 learnt clauses
pattern=[1, 19, 29, 10, 14, 23, 26, 24, 7, 30, 15, 16, 27, 4, 20, 11, 32, 6, 33, 5, 34, 9, 22, 17, 31, 12, 13, 35, 3, 36, 2, 18, 25, 8, 28, 21]
distance=191
----------
pattern=[1, 19, 29, 22, 9, 34, 15, 24, 7, 30, 3, 26, 21, 10, 27, 11, 32, 6, 33, 5, 14, 16, 20, 17, 31, 12, 13, 35, 4, 36, 2, 18, 25, 23, 8, 28]
distance=191
----------
% Pruned 49641 learnt clauses
% Pruned 49502 learnt clauses
% Pruned 47054 learnt clauses
% Pruned 44261 learnt clauses
% Pruned 49916 learnt clauses
% Pruned 49850 learnt clauses
% Pruned 49724 learnt clauses
% Pruned 49777 learnt clauses
% Pruned 49916 learnt clauses
% Pruned 49823 learnt clauses
pattern=[1, 19, 30, 15, 10, 27, 16, 29, 7, 24, 14, 23, 21, 28, 9, 32, 6, 8, 35, 3, 34, 5, 33, 12, 31, 4, 20, 17, 26, 22, 2, 18, 25, 11, 36, 13]
distance=188
----------
% Pruned 49877 learnt clauses
% Pruned 49740 learnt clauses
pattern=[1, 19, 30, 20, 22, 9, 26, 24, 7, 29, 10, 15, 4, 33, 5, 32, 6, 27, 11, 14, 23, 8, 35, 12, 31, 17, 21, 28, 3, 34, 2, 18, 25, 16, 36, 13]
distance=188
----------
pattern=[1, 19, 30, 20, 9, 22, 27, 24, 7, 29, 4, 33, 10, 26, 5, 32, 6, 34, 3, 35, 8, 23, 14, 12, 31, 17, 15, 11, 28, 21, 2, 18, 25, 16, 36, 13]
distance=188
----------
% Pruned 48039 learnt clauses
% Pruned 43312 learnt clauses
pattern=[1, 19, 30, 8, 35, 3, 34, 17, 7, 24, 26, 10, 21, 16, 23, 27, 6, 33, 4, 32, 9, 28, 15, 12, 31, 5, 14, 29, 20, 22, 2, 18, 25, 11, 36, 13]
distance=188
----------
pattern=[1, 19, 30, 15, 17, 20, 16, 29, 7, 24, 14, 23, 34, 3, 35, 8, 6, 33, 4, 32, 9, 28, 21, 12, 31, 5, 26, 10, 27, 22, 2, 18, 25, 11, 36, 13]
distance=188
----------
% Pruned 45226 learnt clauses
pattern=[1, 19, 30, 20, 16, 23, 14, 29, 7, 24, 26, 5, 8, 35, 3, 34, 6, 32, 9, 28, 15, 17, 33, 4, 31, 12, 21, 10, 27, 22, 2, 18, 25, 11, 36, 13]
distance=188
----------
pattern=[1, 19, 30, 20, 16, 23, 14, 29, 7, 24, 26, 17, 34, 3, 22, 27, 6, 33, 4, 32, 9, 10, 21, 5, 31, 12, 15, 28, 8, 35, 2, 18, 25, 11, 36, 13]
distance=188
----------
% Pruned 47428 learnt clauses
pattern=[1, 19, 30, 20, 16, 23, 14, 29, 7, 24, 26, 17, 34, 3, 22, 27, 6, 32, 9, 10, 21, 5, 33, 4, 31, 12, 15, 28, 8, 35, 2, 18, 25, 11, 36, 13]
distance=188
----------
pattern=[1, 19, 30, 20, 17, 26, 9, 29, 7, 24, 28, 27, 4, 33, 5, 32, 6, 22, 15, 34, 3, 16, 21, 10, 31, 12, 14, 23, 8, 35, 2, 18, 25, 11, 36, 13]
distance=188
----------
pattern=[1, 19, 30, 8, 28, 21, 22, 17, 7, 24, 15, 26, 23, 27, 10, 33, 6, 20, 11, 32, 4, 29, 14, 12, 31, 5, 34, 3, 16, 35, 2, 18, 25, 9, 36, 13]
distance=188
----------
pattern=[1, 19, 30, 8, 28, 21, 16, 17, 7, 24, 15, 26, 23, 27, 10, 33, 6, 20, 11, 32, 4, 29, 14, 12, 31, 5, 34, 3, 22, 35, 2, 18, 25, 9, 36, 13]
distance=188
----------
pattern=[1, 19, 30, 32, 11, 15, 10, 29, 7, 24, 14, 23, 16, 27, 4, 33, 6, 34, 3, 28, 8, 21, 22, 5, 31, 12, 26, 17, 20, 35, 2, 18, 25, 9, 36, 13]
distance=188
----------
pattern=[1, 19, 30, 20, 17, 28, 15, 24, 7, 29, 9, 10, 26, 22, 3, 34, 6, 27, 4, 33, 16, 21, 14, 12, 31, 5, 32, 23, 8, 35, 2, 18, 25, 11, 36, 13]
distance=188
----------
% Pruned 48767 learnt clauses
% Pruned 49742 learnt clauses
pattern=[1, 19, 30, 20, 11, 34, 9, 29, 7, 24, 27, 10, 26, 22, 3, 32, 6, 33, 5, 16, 21, 28, 15, 17, 31, 12, 14, 23, 8, 35, 2, 18, 25, 4, 36, 13]
distance=190
----------
pattern=[1, 19, 30, 20, 16, 11, 14, 29, 7, 24, 26, 5, 34, 15, 22, 33, 6, 32, 4, 27, 10, 23, 21, 12, 31, 17, 8, 28, 3, 35, 2, 18, 25, 9, 36, 13]
distance=190
----------
pattern=[1, 19, 30, 20, 11, 16, 27, 24, 7, 29, 10, 26, 9, 34, 3, 32, 6, 33, 5, 28, 15, 22, 21, 17, 31, 12, 14, 23, 8, 35, 2, 18, 25, 4, 36, 13]
distance=190
----------
% Pruned 49893 learnt clauses
% Pruned 49741 learnt clauses
% Pruned 49873 learnt clauses
pattern=[1, 19, 30, 8, 21, 16, 20, 6, 7, 24, 14, 29, 10, 27, 11, 32, 5, 33, 4, 35, 28, 17, 15, 12, 31, 22, 13, 36, 9, 34, 2, 18, 25, 23, 3, 26]
distance=185
----------
pattern=[1, 19, 30, 8, 35, 15, 34, 6, 7, 24, 14, 29, 20, 22, 9, 32, 5, 21, 11, 28, 3, 17, 26, 12, 31, 10, 13, 36, 4, 33, 2, 18, 25, 23, 27, 16]
distance=189
----------
pattern=[1, 19, 30, 8, 35, 15, 34, 6, 7, 24, 14, 29, 16, 27, 11, 32, 5, 28, 3, 20, 17, 21, 26, 12, 31, 22, 13, 36, 4, 33, 2, 18, 25, 23, 9, 10]
distance=186
----------
% Pruned 49700 learnt clauses
pattern=[1, 19, 30, 8, 22, 3, 32, 6, 7, 24, 15, 35, 4, 20, 17, 26, 5, 33, 10, 21, 16, 29, 14, 12, 31, 23, 13, 36, 9, 34, 2, 18, 25, 11, 28, 27]
distance=190
----------
% Pruned 49695 learnt clauses
pattern=[1, 19, 30, 20, 21, 17, 33, 6, 7, 24, 27, 8, 28, 3, 35, 4, 32, 11, 34, 5, 16, 9, 26, 12, 31, 22, 13, 36, 14, 29, 2, 18, 25, 23, 10, 15]
distance=184
----------
pattern=[1, 19, 30, 8, 28, 11, 20, 6, 7, 24, 15, 26, 21, 17, 33, 5, 32, 3, 22, 23, 16, 29, 14, 12, 31, 10, 13, 36, 9, 34, 2, 18, 25, 35, 4, 27]
distance=184
----------
pattern=[1, 19, 30, 8, 35, 3, 34, 6, 7, 24, 14, 29, 15, 28, 9, 5, 32, 11, 21, 4, 33, 10, 26, 12, 31, 22, 13, 36, 16, 27, 2, 18, 25, 23, 20, 17]
distance=190
----------
pattern=[1, 19, 30, 8, 35, 3, 34, 6, 7, 24, 14, 29, 20, 17, 21, 5, 32, 23, 22, 15, 28, 9, 26, 12, 31, 11, 13, 36, 16, 27, 2, 18, 25, 4, 33, 10]
distance=190
----------
pattern=[1, 19, 30, 20, 29, 9, 34, 6, 7, 24, 26, 17, 28, 15, 22, 5, 32, 3, 35, 8, 23, 21, 16, 12, 31, 10, 13, 36, 14, 33, 2, 18, 25, 11, 27, 4]
distance=185
----------
pattern=[1, 19, 30, 8, 35, 3, 28, 6, 7, 24, 14, 29, 20, 11, 27, 4, 32, 5, 34, 15, 17, 21, 26, 12, 31, 10, 13, 36, 16, 33, 2, 18, 25, 23, 9, 22]
distance=190
----------
pattern=[1, 19, 30, 20, 17, 8, 27, 6, 7, 24, 28, 15, 35, 3, 34, 9, 32, 5, 33, 4, 21, 10, 26, 12, 31, 11, 13, 36, 14, 29, 2, 18, 25, 16, 23, 22]
distance=190
----------
% Pruned 49671 learnt clauses
pattern=[1, 19, 30, 8, 35, 4, 27, 6, 7, 24, 14, 29, 9, 11, 28, 3, 32, 5, 33, 17, 20, 16, 26, 12, 31, 22, 13, 36, 15, 34, 2, 18, 25, 23, 10, 21]
distance=191
----------
pattern=[1, 19, 30, 20, 15, 34, 9, 6, 7, 24, 28, 8, 21, 10, 27, 11, 32, 5, 33, 4, 35, 3, 26, 12, 31, 22, 13, 36, 14, 29, 2, 18, 25, 23, 16, 17]
distance=184
----------
pattern=[1, 19, 30, 20, 16, 21, 22, 6, 7, 24, 26, 17, 8, 27, 34, 9, 32, 5, 33, 4, 35, 3, 23, 12, 31, 10, 13, 36, 14, 29, 2, 18, 25, 11, 28, 15]
distance=184
----------
pattern=[1, 19, 30, 20, 9, 28, 8, 6, 7, 24, 27, 11, 34, 3, 35, 10, 23, 16, 33, 4, 32, 5, 26, 12, 31, 22, 13, 36, 14, 29, 2, 18, 25, 15, 17, 21]
distance=187
----------
pattern=[1, 19, 30, 20, 17, 21, 8, 6, 7, 24, 23, 16, 26, 15, 35, 3, 34, 9, 28, 5, 32, 4, 33, 12, 31, 22, 13, 36, 14, 29, 2, 18, 25, 11, 27, 10]
distance=186
----------
% Pruned 49747 learnt clauses
pattern=[1, 19, 30, 8, 35, 16, 33, 6, 7, 24, 14, 29, 20, 15, 22, 9, 11, 27, 4, 32, 21, 17, 26, 12, 31, 10, 13, 36, 5, 34, 2, 18, 25, 23, 3, 28]
distance=185
----------
pattern=[1, 19, 30, 8, 35, 10, 33, 6, 7, 24, 14, 29, 9, 28, 27, 11, 32, 4, 21, 17, 20, 15, 26, 12, 31, 22, 13, 36, 5, 34, 2, 18, 25, 23, 16, 3]
distance=184
----------
pattern=[1, 19, 30, 8, 35, 10, 33, 6, 7, 24, 14, 29, 27, 11, 32, 4, 15, 20, 17, 21, 28, 9, 26, 12, 31, 22, 13, 36, 5, 34, 2, 18, 25, 23, 3, 16]
distance=185
----------
% Pruned 49744 learnt clauses
% Pruned 49710 learnt clauses
pattern=[1, 19, 30, 8, 23, 3, 32, 6, 7, 24, 14, 12, 21, 20, 29, 22, 26, 15, 28, 5, 33, 16, 35, 4, 31, 10, 13, 36, 9, 34, 2, 18, 25, 11, 27, 17]
distance=186
----------
pattern=[1, 19, 30, 8, 23, 3, 32, 6, 7, 24, 14, 12, 26, 17, 27, 11, 22, 15, 28, 5, 33, 16, 35, 4, 31, 10, 13, 36, 9, 34, 2, 18, 25, 21, 20, 29]
distance=186
----------
pattern=[1, 19, 30, 20, 29, 3, 32, 6, 7, 24, 9, 28, 11, 16, 27, 4, 35, 8, 33, 5, 21, 17, 26, 12, 31, 10, 13, 36, 14, 34, 2, 18, 25, 23, 22, 15]
distance=188
----------
pattern=[1, 19, 30, 20, 29, 3, 32, 6, 7, 24, 9, 28, 11, 22, 27, 4, 35, 8, 33, 5, 21, 17, 26, 12, 31, 10, 13, 36, 14, 34, 2, 18, 25, 23, 16, 15]
distance=188
----------
pattern=[1, 19, 30, 8, 21, 11, 32, 6, 7, 24, 14, 10, 27, 16, 15, 35, 20, 17, 33, 5, 34, 3, 26, 12, 31, 22, 13, 36, 4, 29, 2, 18, 25, 23, 9, 28]
distance=189
----------
pattern=[1, 19, 30, 20, 9, 10, 27, 6, 7, 24, 26, 23, 16, 21, 17, 4, 35, 3, 32, 5, 33, 8, 28, 12, 31, 22, 13, 36, 14, 29, 2, 18, 25, 11, 34, 15]
distance=184
----------
pattern=[1, 19, 30, 8, 28, 11, 27, 6, 7, 24, 26, 23, 14, 9, 22, 15, 34, 3, 32, 5, 33, 10, 21, 12, 31, 17, 13, 36, 4, 29, 2, 18, 25, 35, 20, 16]
distance=187
----------
pattern=[1, 19, 30, 8, 35, 20, 27, 6, 7, 24, 14, 11, 15, 16, 29, 9, 34, 3, 32, 5, 33, 10, 26, 12, 31, 22, 13, 36, 4, 21, 2, 18, 25, 23, 28, 17]
distance=184
----------
pattern=[1, 19, 30, 20, 21, 17, 27, 6, 7, 24, 26, 10, 23, 16, 35, 3, 34, 9, 32, 5, 33, 4, 15, 12, 31, 22, 13, 36, 14, 29, 2, 18, 25, 11, 28, 8]
distance=186
----------
% Pruned 49653 learnt clauses
pattern=[1, 19, 30, 8, 33, 4, 32, 6, 7, 24, 15, 34, 3, 35, 21, 16, 27, 10, 26, 5, 28, 29, 14, 12, 31, 23, 13, 36, 9, 22, 2, 18, 25, 11, 20, 17]
distance=190
----------
pattern=[1, 19, 30, 3, 28, 11, 32, 6, 7, 24, 14, 29, 9, 8, 21, 17, 20, 15, 34, 5, 33, 10, 26, 12, 31, 22, 13, 36, 4, 35, 2, 18, 25, 23, 16, 27]
distance=186
----------
pattern=[1, 19, 30, 8, 28, 11, 27, 6, 7, 24, 14, 29, 20, 15, 34, 9, 16, 3, 32, 5, 33, 10, 21, 12, 31, 17, 13, 36, 4, 35, 2, 18, 25, 23, 26, 22]
distance=188
----------
pattern=[1, 19, 30, 8, 28, 9, 32, 6, 7, 24, 14, 29, 20, 11, 27, 16, 21, 4, 33, 5, 26, 22, 15, 12, 31, 17, 13, 36, 3, 34, 2, 18, 25, 23, 10, 35]
distance=189
----------
pattern=[1, 19, 30, 8, 28, 9, 32, 6, 7, 24, 14, 29, 20, 11, 27, 10, 35, 22, 26, 5, 33, 4, 15, 12, 31, 17, 13, 36, 3, 34, 2, 18, 25, 23, 16, 21]
distance=189
----------
pattern=[1, 19, 30, 8, 27, 11, 32, 6, 7, 24, 14, 10, 35, 20, 17, 16, 21, 4, 33, 5, 28, 15, 26, 12, 31, 22, 13, 36, 3, 34, 2, 18, 25, 23, 9, 29]
distance=188
----------
pattern=[1, 19, 30, 8, 21, 10, 27, 6, 7, 24, 26, 17, 22, 15, 35, 20, 29, 4, 33, 5, 32, 9, 28, 12, 31, 23, 13, 36, 3, 34, 2, 18, 25, 11, 14, 16]
distance=189
----------
% Pruned 49662 learnt clauses
pattern=[1, 19, 30, 8, 35, 10, 27, 6, 7, 24, 14, 29, 9, 16, 20, 17, 33, 4, 32, 5, 28, 15, 26, 12, 31, 22, 13, 36, 3, 34, 2, 18, 25, 23, 21, 11]
distance=191
----------
% Pruned 49742 learnt clauses
pattern=[1, 19, 30, 20, 23, 16, 32, 6, 7, 24, 15, 35, 8, 21, 17, 26, 9, 28, 5, 33, 4, 29, 14, 12, 31, 10, 13, 36, 3, 34, 2, 18, 25, 11, 22, 27]
distance=188
----------
pattern=[1, 19, 30, 10, 27, 11, 32, 6, 7, 24, 14, 29, 16, 21, 17, 20, 9, 28, 5, 33, 8, 35, 26, 12, 31, 4, 13, 36, 3, 34, 2, 18, 25, 23, 22, 15]
distance=188
----------
pattern=[1, 19, 30, 21, 26, 17, 20, 6, 7, 24, 14, 29, 10, 35, 8, 28, 11, 32, 5, 33, 4, 27, 16, 12, 31, 15, 13, 36, 3, 34, 2, 18, 25, 23, 9, 22]
distance=188
----------
pattern=[1, 19, 30, 20, 16, 9, 34, 6, 7, 24, 15, 28, 8, 27, 4, 35, 3, 32, 5, 22, 33, 17, 26, 12, 31, 10, 13, 36, 14, 29, 2, 18, 25, 23, 21, 11]
distance=187
----------
pattern=[1, 19, 30, 20, 29, 3, 32, 6, 7, 24, 9, 28, 11, 27, 4, 35, 8, 33, 5, 16, 21, 17, 26, 12, 31, 10, 13, 36, 14, 34, 2, 18, 25, 23, 22, 15]
distance=188
----------
pattern=[1, 19, 30, 8, 35, 15, 32, 6, 7, 24, 14, 29, 20, 11, 22, 21, 17, 33, 5, 34, 3, 16, 26, 12, 31, 10, 13, 36, 4, 27, 2, 18, 25, 23, 9, 28]
distance=189
----------
% Pruned 49679 learnt clauses
pattern=[1, 19, 30, 20, 16, 21, 32, 6, 7, 24, 4, 27, 11, 28, 9, 35, 3, 34, 5, 33, 8, 17, 26, 12, 31, 10, 13, 36, 14, 29, 2, 18, 25, 23, 22, 15]
distance=188
----------
pattern=[1, 19, 30, 20, 21, 5, 32, 6, 7, 24, 15, 11, 34, 17, 26, 12, 22, 9, 28, 8, 33, 4, 35, 3, 31, 10, 13, 36, 14, 29, 2, 18, 25, 23, 16, 27]
distance=186
----------
pattern=[1, 19, 30, 11, 32, 4, 33, 6, 7, 24, 14, 29, 20, 17, 21, 12, 26, 16, 27, 10, 35, 8, 28, 5, 31, 15, 13, 36, 3, 34, 2, 18, 25, 23, 9, 22]
distance=190
----------
pattern=[1, 19, 30, 8, 35, 3, 34, 6, 7, 24, 14, 29, 20, 11, 28, 12, 26, 21, 17, 15, 22, 9, 32, 5, 31, 10, 13, 36, 16, 27, 2, 18, 25, 23, 4, 33]
distance=185
----------
% Pruned 49723 learnt clauses
pattern=[1, 19, 30, 8, 35, 15, 32, 6, 7, 24, 9, 28, 17, 10, 33, 5, 26, 12, 14, 27, 11, 20, 29, 4, 31, 23, 13, 36, 3, 34, 2, 18, 25, 22, 21, 16]
distance=189
----------
pattern=[1, 19, 30, 8, 35, 15, 32, 6, 7, 24, 9, 28, 21, 10, 33, 5, 26, 12, 14, 27, 11, 20, 29, 4, 31, 23, 13, 36, 3, 34, 2, 18, 25, 22, 17, 16]
distance=189
----------
pattern=[1, 19, 30, 8, 28, 5, 32, 6, 7, 24, 14, 29, 10, 27, 11, 15, 26, 12, 33, 4, 35, 21, 16, 3, 31, 22, 13, 36, 9, 34, 2, 18, 25, 23, 20, 17]
distance=188
----------
pattern=[1, 19, 30, 8, 35, 10, 33, 6, 7, 24, 14, 29, 9, 28, 15, 17, 20, 12, 26, 11, 32, 4, 21, 5, 31, 22, 13, 36, 3, 34, 2, 18, 25, 23, 16, 27]
distance=194
----------
% Pruned 49708 learnt clauses
pattern=[1, 19, 30, 15, 28, 8, 35, 6, 7, 24, 14, 21, 16, 17, 20, 9, 26, 12, 33, 10, 29, 4, 32, 5, 31, 22, 13, 36, 3, 34, 2, 18, 25, 23, 27, 11]
distance=185
----------
pattern=[1, 19, 30, 8, 28, 5, 33, 6, 7, 24, 14, 11, 32, 3, 34, 15, 20, 35, 9, 16, 27, 10, 26, 12, 31, 22, 13, 36, 4, 29, 2, 18, 25, 23, 21, 17]
distance=188
----------
pattern=[1, 19, 30, 10, 35, 3, 34, 6, 7, 24, 26, 5, 32, 16, 33, 4, 27, 8, 17, 22, 21, 28, 15, 12, 31, 23, 13, 36, 14, 29, 2, 18, 25, 11, 20, 9]
distance=187
----------
pattern=[1, 19, 30, 10, 35, 3, 34, 6, 7, 24, 26, 5, 32, 16, 33, 4, 27, 22, 9, 28, 17, 8, 15, 12, 31, 23, 13, 36, 14, 29, 2, 18, 25, 11, 20, 21]
distance=187
----------
% Pruned 49729 learnt clauses
pattern=[1, 19, 30, 8, 28, 11, 27, 6, 7, 24, 14, 29, 32, 5, 33, 4, 35, 16, 20, 15, 17, 3, 26, 12, 31, 22, 13, 36, 9, 34, 2, 18, 25, 23, 10, 21]
distance=187
----------
pattern=[1, 19, 30, 20, 21, 17, 34, 6, 7, 24, 27, 11, 32, 5, 16, 9, 28, 8, 33, 4, 35, 3, 26, 12, 31, 22, 13, 36, 14, 29, 2, 18, 25, 23, 10, 15]
distance=184
----------
% Pruned 49719 learnt clauses
pattern=[1, 19, 30, 8, 28, 5, 32, 6, 7, 24, 14, 27, 11, 21, 17, 26, 12, 29, 20, 35, 4, 33, 22, 3, 31, 10, 13, 36, 9, 34, 2, 18, 25, 23, 16, 15]
distance=186
----------
pattern=[1, 19, 30, 8, 28, 5, 32, 6, 7, 24, 14, 27, 11, 15, 17, 26, 12, 29, 20, 35, 4, 33, 22, 3, 31, 10, 13, 36, 9, 34, 2, 18, 25, 23, 16, 21]
distance=185
----------
pattern=[1, 19, 30, 8, 28, 5, 32, 6, 7, 24, 14, 17, 20, 35, 4, 33, 12, 26, 15, 11, 27, 10, 29, 3, 31, 22, 13, 36, 9, 34, 2, 18, 25, 23, 16, 21]
distance=189
----------
pattern=[1, 19, 30, 8, 28, 5, 32, 6, 7, 24, 14, 33, 4, 35, 20, 29, 12, 26, 17, 21, 11, 27, 16, 3, 31, 10, 13, 36, 9, 34, 2, 18, 25, 23, 22, 15]
distance=186
----------
% Pruned 49721 learnt clauses
pattern=[1, 19, 30, 8, 28, 11, 32, 6, 7, 24, 14, 21, 5, 33, 4, 35, 20, 17, 15, 10, 29, 3, 26, 12, 31, 22, 13, 36, 9, 34, 2, 18, 25, 23, 27, 16]
distance=189
----------
pattern=[1, 19, 30, 20, 16, 21, 32, 6, 7, 24, 15, 34, 5, 33, 8, 28, 11, 27, 4, 35, 3, 17, 26, 12, 31, 10, 13, 36, 14, 29, 2, 18, 25, 23, 22, 9]
distance=187
----------
pattern=[1, 19, 30, 8, 35, 3, 34, 6, 7, 24, 14, 28, 9, 32, 11, 27, 16, 33, 4, 29, 20, 17, 26, 12, 31, 5, 13, 36, 21, 22, 2, 18, 25, 23, 10, 15]
distance=190
----------
pattern=[1, 19, 30, 8, 33, 4, 32, 6, 7, 24, 35, 3, 34, 15, 16, 21, 28, 5, 26, 17, 20, 29, 14, 12, 31, 23, 13, 36, 9, 22, 2, 18, 25, 11, 27, 10]
distance=188
----------
pattern=[1, 19, 30, 20, 33, 4, 32, 6, 7, 24, 26, 15, 35, 3, 34, 9, 28, 5, 22, 8, 17, 16, 21, 12, 31, 10, 13, 36, 14, 29, 2, 18, 25, 11, 27, 23]
distance=187
----------
pattern=[1, 19, 30, 20, 23, 4, 32, 6, 7, 24, 26, 9, 22, 15, 35, 3, 34, 5, 28, 33, 8, 17, 21, 12, 31, 10, 13, 36, 14, 29, 2, 18, 25, 11, 27, 16]
distance=187
----------
pattern=[1, 19, 30, 20, 11, 16, 32, 6, 7, 24, 15, 22, 21, 17, 28, 8, 33, 5, 34, 3, 35, 9, 26, 12, 31, 10, 13, 36, 14, 29, 2, 18, 25, 23, 4, 27]
distance=188
----------
pattern=[1, 19, 30, 20, 11, 15, 32, 6, 7, 24, 22, 17, 8, 28, 9, 34, 21, 5, 33, 4, 35, 3, 26, 12, 31, 10, 13, 36, 14, 29, 2, 18, 25, 23, 16, 27]
distance=186
----------
% Pruned 49656 learnt clauses
pattern=[1, 19, 30, 20, 9, 16, 32, 6, 7, 24, 26, 5, 33, 4, 27, 17, 21, 23, 10, 35, 3, 34, 15, 12, 31, 22, 13, 36, 14, 29, 2, 18, 25, 11, 28, 8]
distance=188
----------
pattern=[1, 19, 30, 8, 33, 4, 32, 6, 7, 24, 26, 5, 14, 29, 20, 17, 28, 21, 16, 15, 34, 3, 35, 12, 31, 23, 13, 36, 9, 22, 2, 18, 25, 11, 27, 10]
distance=188
----------
pattern=[1, 19, 30, 8, 33, 4, 32, 6, 7, 24, 26, 5, 28, 17, 20, 29, 14, 35, 3, 34, 15, 16, 21, 12, 31, 23, 13, 36, 9, 22, 2, 18, 25, 11, 27, 10]
distance=192
----------
pattern=[1, 19, 30, 20, 17, 28, 8, 6, 7, 24, 15, 34, 3, 35, 10, 33, 4, 32, 11, 27, 22, 9, 26, 12, 31, 5, 13, 36, 14, 29, 2, 18, 25, 16, 23, 21]
distance=189
----------
% Pruned 49602 learnt clauses
pattern=[1, 19, 30, 20, 11, 16, 32, 6, 7, 24, 15, 35, 3, 34, 5, 33, 8, 27, 4, 21, 17, 28, 26, 12, 31, 10, 13, 36, 14, 29, 2, 18, 25, 23, 9, 22]
distance=188
----------
pattern=[1, 19, 30, 20, 29, 9, 32, 6, 7, 24, 26, 17, 22, 33, 5, 34, 3, 35, 8, 23, 4, 21, 28, 12, 31, 10, 13, 36, 14, 27, 2, 18, 25, 11, 15, 16]
distance=185
----------
pattern=[1, 19, 30, 20, 23, 16, 32, 6, 7, 24, 26, 9, 22, 27, 5, 33, 4, 35, 3, 28, 8, 17, 21, 12, 31, 10, 13, 36, 14, 29, 2, 18, 25, 11, 34, 15]
distance=190
----------
pattern=[1, 19, 30, 8, 33, 4, 32, 6, 7, 24, 14, 15, 11, 34, 3, 35, 20, 17, 27, 10, 21, 5, 26, 12, 31, 22, 13, 36, 16, 29, 2, 18, 25, 23, 9, 28]
distance=189
----------
% Pruned 49620 learnt clauses
pattern=[1, 19, 30, 20, 27, 4, 32, 6, 7, 24, 15, 11, 21, 5, 34, 3, 35, 16, 33, 8, 28, 17, 26, 12, 31, 10, 13, 36, 14, 29, 2, 18, 25, 23, 22, 9]
distance=187
----------
pattern=[1, 19, 30, 20, 27, 4, 32, 6, 7, 24, 15, 11, 22, 5, 34, 3, 35, 9, 28, 8, 33, 17, 26, 12, 31, 10, 13, 36, 14, 29, 2, 18, 25, 23, 21, 16]
distance=189
----------
pattern=[1, 19, 30, 20, 15, 11, 32, 6, 7, 24, 27, 4, 33, 5, 21, 10, 35, 3, 34, 8, 28, 9, 26, 12, 31, 22, 13, 36, 14, 29, 2, 18, 25, 23, 16, 17]
distance=188
----------
% Pruned 49659 learnt clauses
pattern=[1, 19, 30, 8, 35, 15, 34, 6, 7, 24, 14, 29, 20, 16, 17, 27, 11, 28, 3, 26, 12, 21, 32, 5, 31, 10, 13, 36, 4, 33, 2, 18, 25, 23, 9, 22]
distance=188
----------
pattern=[1, 19, 30, 20, 17, 21, 34, 6, 7, 24, 26, 10, 27, 8, 28, 3, 35, 4, 33, 12, 23, 9, 32, 5, 31, 22, 13, 36, 14, 29, 2, 18, 25, 11, 16, 15]
distance=186
----------
pattern=[1, 19, 30, 8, 35, 3, 34, 6, 7, 24, 14, 29, 9, 28, 21, 10, 27, 4, 33, 12, 26, 16, 32, 5, 31, 22, 13, 36, 11, 15, 2, 18, 25, 23, 20, 17]
distance=188
----------
pattern=[1, 19, 30, 8, 35, 3, 34, 6, 7, 24, 14, 12, 26, 15, 28, 9, 29, 4, 33, 10, 27, 11, 32, 5, 31, 22, 13, 36, 21, 16, 2, 18, 25, 17, 20, 23]
distance=191
----------
% Pruned 49718 learnt clauses
pattern=[1, 19, 30, 8, 21, 5, 33, 6, 7, 24, 14, 29, 20, 11, 28, 17, 27, 4, 35, 16, 15, 22, 26, 12, 31, 10, 13, 36, 9, 34, 2, 18, 25, 23, 3, 32]
distance=186
----------
pattern=[1, 19, 30, 8, 27, 10, 33, 6, 7, 24, 14, 29, 15, 35, 4, 32, 3, 16, 20, 17, 28, 12, 26, 5, 31, 22, 13, 36, 9, 34, 2, 18, 25, 23, 21, 11]
distance=189
----------
pattern=[1, 19, 30, 20, 17, 15, 34, 6, 7, 24, 28, 8, 33, 12, 26, 9, 16, 11, 27, 4, 35, 3, 32, 5, 31, 22, 13, 36, 14, 29, 2, 18, 25, 23, 10, 21]
distance=185
----------
pattern=[1, 19, 30, 8, 35, 3, 34, 6, 7, 24, 15, 28, 14, 12, 33, 4, 29, 10, 20, 17, 26, 9, 32, 5, 31, 23, 13, 36, 21, 22, 2, 18, 25, 11, 27, 16]
distance=191
----------
% Pruned 49719 learnt clauses
pattern=[1, 19, 30, 21, 28, 8, 27, 6, 7, 24, 26, 17, 16, 33, 10, 35, 3, 34, 5, 32, 4, 20, 15, 12, 31, 23, 13, 36, 14, 29, 2, 18, 25, 11, 22, 9]
distance=187
----------
pattern=[1, 19, 30, 16, 27, 10, 20, 6, 7, 24, 26, 17, 8, 28, 3, 35, 4, 33, 5, 32, 11, 34, 15, 12, 31, 23, 13, 36, 14, 29, 2, 18, 25, 9, 22, 21]
distance=191
----------
pattern=[1, 19, 30, 8, 35, 3, 34, 6, 7, 24, 15, 29, 4, 33, 10, 20, 17, 26, 5, 32, 16, 27, 14, 12, 31, 23, 13, 36, 21, 22, 2, 18, 25, 11, 28, 9]
distance=191
----------
pattern=[1, 19, 30, 8, 35, 9, 34, 6, 7, 24, 14, 29, 20, 16, 27, 11, 21, 28, 5, 32, 15, 17, 26, 12, 31, 10, 13, 36, 4, 33, 2, 18, 25, 23, 3, 22]
distance=190
----------
% Pruned 49678 learnt clauses
pattern=[1, 19, 30, 8, 35, 3, 34, 6, 7, 24, 14, 29, 20, 11, 15, 28, 9, 32, 5, 21, 4, 33, 26, 12, 31, 10, 13, 36, 16, 27, 2, 18, 25, 23, 22, 17]
distance=184
----------
pattern=[1, 19, 30, 8, 28, 11, 27, 6, 7, 24, 14, 29, 15, 17, 20, 16, 3, 32, 5, 33, 10, 21, 26, 12, 31, 22, 13, 36, 9, 34, 2, 18, 25, 23, 4, 35]
distance=187
----------
% Pruned 49711 learnt clauses
pattern=[1, 19, 30, 20, 16, 11, 27, 6, 7, 24, 26, 12, 15, 35, 3, 34, 9, 28, 17, 10, 33, 4, 32, 5, 31, 22, 13, 36, 14, 29, 2, 18, 25, 8, 21, 23]
distance=185
----------
pattern=[1, 19, 30, 21, 16, 15, 34, 6, 7, 24, 26, 10, 27, 5, 32, 9, 22, 8, 28, 3, 35, 4, 33, 12, 31, 23, 13, 36, 14, 29, 2, 18, 25, 11, 20, 17]
distance=192
----------
% Pruned 49665 learnt clauses
pattern=[1, 19, 30, 10, 27, 11, 20, 6, 7, 24, 26, 21, 8, 17, 28, 9, 34, 3, 35, 12, 33, 4, 32, 5, 31, 23, 13, 36, 14, 29, 2, 18, 25, 22, 15, 16]
distance=187
----------
pattern=[1, 19, 30, 10, 35, 3, 34, 6, 7, 24, 26, 9, 28, 15, 22, 17, 8, 5, 32, 16, 27, 4, 33, 12, 31, 23, 13, 36, 14, 29, 2, 18, 25, 11, 20, 21]
distance=187
----------
% Pruned 49711 learnt clauses
pattern=[1, 19, 30, 8, 23, 3, 32, 6, 7, 24, 14, 12, 29, 20, 33, 5, 28, 21, 17, 26, 15, 16, 35, 4, 31, 10, 13, 36, 9, 34, 2, 18, 25, 11, 27, 22]
distance=184
----------
pattern=[1, 19, 30, 8, 23, 3, 32, 6, 7, 24, 14, 12, 29, 10, 33, 5, 26, 28, 15, 20, 17, 21, 35, 4, 31, 22, 13, 36, 9, 34, 2, 18, 25, 11, 27, 16]
distance=187
----------
pattern=[1, 19, 30, 10, 35, 3, 34, 6, 7, 24, 26, 12, 21, 8, 17, 28, 9, 16, 33, 4, 27, 11, 32, 5, 31, 23, 13, 36, 14, 29, 2, 18, 25, 22, 20, 15]
distance=188
----------
pattern=[1, 19, 30, 10, 35, 3, 34, 6, 7, 24, 26, 12, 21, 8, 17, 33, 4, 27, 16, 9, 28, 11, 32, 5, 31, 23, 13, 36, 14, 29, 2, 18, 25, 22, 20, 15]
distance=188
----------
pattern=[1, 19, 30, 8, 27, 11, 34, 6, 7, 24, 26, 12, 33, 4, 35, 3, 28, 14, 29, 20, 17, 15, 32, 5, 31, 23, 13, 36, 9, 22, 2, 18, 25, 16, 21, 10]
distance=190
----------
pattern=[1, 19, 30, 10, 35, 3, 34, 6, 7, 24, 26, 12, 33, 4, 27, 11, 22, 21, 8, 17, 20, 15, 32, 5, 31, 23, 13, 36, 14, 29, 2, 18, 25, 16, 9, 28]
distance=187
----------
pattern=[1, 19, 30, 10, 35, 3, 34, 6, 7, 24, 26, 12, 33, 4, 21, 16, 17, 8, 27, 11, 20, 9, 32, 5, 31, 23, 13, 36, 14, 29, 2, 18, 25, 22, 15, 28]
distance=187
----------
pattern=[1, 19, 30, 10, 35, 3, 34, 6, 7, 24, 26, 12, 33, 4, 21, 22, 8, 17, 20, 15, 28, 9, 32, 5, 31, 23, 13, 36, 14, 29, 2, 18, 25, 16, 27, 11]
distance=189
----------
pattern=[1, 19, 30, 8, 35, 3, 34, 6, 7, 24, 26, 12, 21, 4, 33, 10, 17, 22, 20, 29, 14, 11, 32, 5, 31, 23, 13, 36, 16, 27, 2, 18, 25, 9, 28, 15]
distance=188
----------
pattern=[1, 19, 30, 10, 35, 3, 34, 6, 7, 24, 26, 12, 21, 8, 17, 20, 15, 22, 11, 27, 28, 9, 32, 5, 31, 23, 13, 36, 14, 29, 2, 18, 25, 4, 33, 16]
distance=187
----------
pattern=[1, 19, 30, 10, 35, 3, 34, 6, 7, 24, 26, 12, 15, 28, 21, 22, 17, 8, 27, 11, 20, 9, 32, 5, 31, 23, 13, 36, 14, 29, 2, 18, 25, 4, 33, 16]
distance=187
----------
pattern=[1, 19, 30, 10, 35, 3, 34, 6, 7, 24, 26, 12, 15, 22, 27, 11, 20, 21, 8, 17, 28, 9, 32, 5, 31, 23, 13, 36, 14, 29, 2, 18, 25, 4, 33, 16]
distance=187
----------
pattern=[1, 19, 30, 10, 35, 3, 34, 6, 7, 24, 26, 12, 15, 20, 11, 27, 8, 17, 28, 21, 22, 9, 32, 5, 31, 23, 13, 36, 14, 29, 2, 18, 25, 4, 33, 16]
distance=187
----------
% Pruned 49699 learnt clauses
pattern=[1, 19, 30, 11, 27, 16, 33, 6, 7, 24, 26, 12, 21, 22, 15, 28, 8, 17, 20, 10, 35, 3, 34, 5, 31, 23, 13, 36, 14, 29, 2, 18, 25, 4, 32, 9]
distance=189
----------
pattern=[1, 19, 30, 8, 23, 16, 33, 6, 7, 24, 14, 12, 26, 17, 27, 11, 22, 3, 32, 4, 35, 15, 28, 5, 31, 10, 13, 36, 9, 34, 2, 18, 25, 21, 20, 29]
distance=186
----------
pattern=[1, 19, 30, 20, 29, 9, 32, 6, 7, 24, 26, 12, 23, 8, 35, 3, 34, 15, 11, 28, 21, 5, 33, 4, 31, 10, 13, 36, 14, 27, 2, 18, 25, 16, 17, 22]
distance=184
----------
pattern=[1, 19, 30, 8, 22, 5, 32, 6, 7, 24, 14, 12, 33, 4, 35, 15, 20, 29, 10, 23, 21, 17, 26, 3, 31, 28, 13, 36, 9, 34, 2, 18, 25, 11, 27, 16]
distance=187
----------
pattern=[1, 19, 30, 8, 22, 3, 32, 6, 7, 24, 26, 12, 33, 5, 28, 11, 27, 14, 29, 20, 17, 15, 35, 4, 31, 23, 13, 36, 9, 34, 2, 18, 25, 16, 21, 10]
distance=190
----------
pattern=[1, 19, 30, 8, 23, 3, 32, 6, 7, 24, 14, 12, 33, 5, 28, 21, 17, 20, 15, 26, 29, 16, 35, 4, 31, 22, 13, 36, 9, 34, 2, 18, 25, 11, 27, 10]
distance=186
----------
pattern=[1, 19, 30, 8, 23, 3, 32, 6, 7, 24, 14, 12, 26, 5, 33, 10, 21, 17, 20, 15, 29, 16, 35, 4, 31, 22, 13, 36, 9, 34, 2, 18, 25, 28, 11, 27]
distance=188
----------
pattern=[1, 19, 30, 8, 23, 3, 32, 6, 7, 24, 14, 12, 26, 5, 33, 10, 21, 28, 11, 27, 29, 16, 35, 4, 31, 22, 13, 36, 9, 34, 2, 18, 25, 17, 20, 15]
distance=188
----------
pattern=[1, 19, 30, 8, 23, 3, 32, 6, 7, 24, 14, 12, 26, 5, 33, 10, 21, 17, 20, 15, 29, 16, 35, 4, 31, 22, 13, 36, 9, 34, 2, 18, 25, 27, 11, 28]
distance=187
----------
pattern=[1, 19, 30, 20, 22, 5, 32, 6, 7, 24, 26, 3, 35, 4, 33, 23, 9, 34, 15, 28, 8, 17, 21, 12, 31, 10, 13, 36, 14, 29, 2, 18, 25, 11, 27, 16]
distance=191
----------
pattern=[1, 19, 30, 8, 28, 5, 32, 6, 7, 24, 14, 29, 15, 11, 27, 10, 21, 26, 12, 33, 4, 35, 16, 3, 31, 22, 13, 36, 9, 34, 2, 18, 25, 23, 20, 17]
distance=188
----------
% Pruned 49698 learnt clauses
pattern=[1, 19, 30, 8, 28, 5, 33, 6, 7, 24, 26, 23, 14, 9, 22, 15, 34, 3, 32, 11, 27, 10, 21, 12, 31, 17, 13, 36, 4, 29, 2, 18, 25, 35, 20, 16]
distance=187
----------
pattern=[1, 19, 30, 8, 28, 5, 32, 6, 7, 24, 15, 22, 21, 26, 10, 27, 16, 35, 4, 33, 12, 14, 29, 3, 31, 23, 13, 36, 9, 34, 2, 18, 25, 11, 20, 17]
distance=190
----------
pattern=[1, 19, 30, 8, 28, 5, 33, 6, 7, 24, 14, 29, 15, 17, 20, 16, 3, 32, 11, 27, 10, 21, 26, 12, 31, 22, 13, 36, 9, 34, 2, 18, 25, 23, 4, 35]
distance=187
----------
pattern=[1, 19, 30, 8, 28, 5, 33, 6, 7, 24, 14, 29, 20, 11, 27, 22, 15, 32, 3, 16, 35, 4, 26, 12, 31, 10, 13, 36, 9, 34, 2, 18, 25, 23, 21, 17]
distance=188
----------
pattern=[1, 19, 30, 8, 28, 5, 32, 6, 7, 24, 14, 29, 3, 22, 15, 20, 11, 27, 16, 33, 4, 35, 26, 12, 31, 10, 13, 36, 9, 34, 2, 18, 25, 23, 21, 17]
distance=190
----------
% Pruned 49606 learnt clauses
pattern=[1, 19, 30, 20, 21, 5, 32, 6, 7, 24, 33, 4, 35, 3, 22, 17, 8, 28, 15, 11, 34, 9, 26, 12, 31, 10, 13, 36, 14, 29, 2, 18, 25, 23, 16, 27]
distance=186
----------
pattern=[1, 19, 30, 20, 21, 5, 32, 6, 7, 24, 26, 17, 8, 28, 3, 35, 4, 33, 16, 9, 22, 27, 23, 12, 31, 10, 13, 36, 14, 29, 2, 18, 25, 11, 34, 15]
distance=186
----------
pattern=[1, 19, 30, 20, 21, 5, 32, 6, 7, 24, 26, 17, 8, 28, 3, 35, 4, 33, 16, 27, 23, 9, 22, 12, 31, 10, 13, 36, 14, 29, 2, 18, 25, 11, 34, 15]
distance=190
----------
pattern=[1, 19, 30, 20, 21, 5, 33, 6, 7, 24, 9, 28, 3, 32, 15, 11, 22, 27, 4, 35, 8, 17, 26, 12, 31, 10, 13, 36, 14, 34, 2, 18, 25, 23, 16, 29]
distance=184
----------
pattern=[1, 19, 30, 8, 28, 5, 33, 6, 7, 24, 15, 22, 3, 32, 11, 20, 10, 26, 23, 27, 16, 29, 14, 12, 31, 17, 13, 36, 9, 34, 2, 18, 25, 35, 4, 21]
distance=189
----------
pattern=[1, 19, 30, 9, 34, 5, 33, 6, 7, 24, 26, 15, 28, 8, 17, 20, 10, 27, 4, 35, 3, 22, 21, 12, 31, 23, 13, 36, 14, 29, 2, 18, 25, 11, 32, 16]
distance=193
----------
% Pruned 49593 learnt clauses
pattern=[1, 19, 30, 8, 33, 5, 32, 6, 7, 24, 14, 29, 20, 4, 27, 16, 15, 34, 3, 35, 21, 17, 26, 12, 31, 10, 13, 36, 9, 22, 2, 18, 25, 23, 28, 11]
distance=189
----------
pattern=[1, 19, 30, 8, 33, 5, 32, 6, 7, 24, 14, 29, 20, 16, 27, 11, 34, 3, 35, 15, 22, 17, 26, 12, 31, 10, 13, 36, 9, 28, 2, 18, 25, 23, 21, 4]
distance=191
----------
pattern=[1, 19, 30, 8, 21, 5, 33, 6, 7, 24, 14, 29, 20, 11, 28, 32, 3, 22, 27, 4, 35, 15, 26, 12, 31, 10, 13, 36, 9, 34, 2, 18, 25, 23, 16, 17]
distance=184
----------
pattern=[1, 19, 30, 8, 28, 5, 33, 6, 7, 24, 14, 29, 20, 22, 15, 32, 3, 16, 27, 11, 21, 17, 26, 12, 31, 10, 13, 36, 9, 34, 2, 18, 25, 23, 4, 35]
distance=187
----------
pattern=[1, 19, 30, 8, 22, 5, 33, 6, 7, 24, 14, 29, 20, 11, 27, 4, 35, 16, 15, 28, 17, 21, 26, 12, 31, 10, 13, 36, 9, 34, 2, 18, 25, 23, 3, 32]
distance=186
----------
pattern=[1, 19, 30, 8, 22, 5, 33, 6, 7, 24, 14, 29, 20, 21, 16, 35, 4, 27, 11, 15, 28, 17, 26, 12, 31, 10, 13, 36, 9, 34, 2, 18, 25, 23, 3, 32]
distance=186
----------
pattern=[1, 19, 30, 8, 35, 3, 34, 6, 7, 24, 14, 27, 10, 33, 4, 29, 9, 28, 12, 26, 15, 11, 32, 5, 31, 22, 13, 36, 21, 16, 2, 18, 25, 23, 20, 17]
distance=188
----------
% Pruned 49696 learnt clauses
pattern=[1, 19, 30, 8, 35, 3, 32, 6, 7, 24, 14, 29, 20, 17, 21, 22, 11, 27, 34, 9, 28, 5, 26, 12, 31, 4, 13, 36, 16, 33, 2, 18, 25, 23, 10, 15]
distance=186
----------
